9.97
10.00
9.96
9.32
9.15
10.01
10.00
6.17
5.30
4.67
4.65
9.99
10.03
7.64
10.14
10.03
9.32
9.99
5.71
8.78
1.99
6.20
9.97
9.98
9.98
10.02
9.11
-0.05
2.80
8.43
2.02
8.52
5.53
10.08
10.00
10.09
10.00
4.68
9.99
0.12
1.62
10.00
10.01
10.07
7.19
10.00
8.86
-1.03
6.60
10.03
10.02
0.77
5.17
6.13
9.98
6.64
9.98
19.94
10.00
5.25
9.04
6.71
2.03
8.04
6.33
4.40
8.72
6.76
2.21
-1.12
5.96
2.39
53.36
1.62
1.23
8.33
1.46
7.18
285.50
10.02
4.48
2.41
9.86
9.02
-0.91
-1.70
20.03
9.90
2.46
0.73
6.89
4.97
-2.97
4.61
3.79
9.99
0.65
10.07
1.21
10.04
